hot
--------------------+---------------------------------------------------------------------------------------------------
| Event Name         | Values                                                                                            |
--------------------+---------------------------------------------------------------------------------------------------
| cycles:u           |         1744.97,         4226.77,         351.19,         429.15,         411.71,         1561.93 |
| instructions:u     |         1992.88,         2627.57,         261.45,         287.48,         494.90,         820.07  |
| cache-references:u |         17.79,         43.20,         4.98,         5.26,         5.27,         10.46             |
| cache-misses:u     |         2.98,         17.68,         1.92,         2.11,         0.86,         3.69               |
| branches:u         |         443.00,         497.74,         45.32,         51.29,         93.82,         196.19       |
| branch-misses:u    |         14.41,         17.43,         1.88,         2.03,         3.05,         10.67             |
| task-clock:u       |         0.00,         0.00,         0.00,         0.00,         0.00,         0.00                |
| cpu-clock:u        |         0.00,         0.00,         0.00,         0.00,         0.00,         0.00                |
| duration_time      |         955.16,         1909.80,         954.90,         955.30,         955.52,         955.29   |
--------------------+---------------------------------------------------------------------------------------------------

random
--------------------+---------------------------------------------------------------------------------------------------
| Event Name         | Values                                                                                            |
--------------------+---------------------------------------------------------------------------------------------------
| cycles:u           |         2844.51,         5629.57,         588.40,         600.26,         425.87,         2194.59 |
| instructions:u     |         2650.33,         3250.59,         399.49,         440.39,         448.20,         901.58  |
| cache-references:u |         29.25,         54.95,         6.25,         6.36,         5.69,         17.17             |
| cache-misses:u     |         8.50,         27.27,         3.57,         3.63,         1.65,         6.43               |
| branches:u         |         582.59,         603.37,         63.48,         71.32,         83.98,         216.15       |
| branch-misses:u    |         16.12,         20.53,         3.25,         3.59,         2.61,         12.22             |
| task-clock:u       |         0.00,         0.00,         0.00,         0.00,         0.00,         0.00                |
| cpu-clock:u        |         0.00,         0.00,         0.00,         0.00,         0.00,         0.00                |
| duration_time      |         955.65,         1909.70,         954.66,         955.10,         955.29,         954.85   |
--------------------+---------------------------------------------------------------------------------------------------

sorted
--------------------+---------------------------------------------------------------------------------------------------
| Event Name         | Values                                                                                            |
--------------------+---------------------------------------------------------------------------------------------------
| cycles:u           |         428.80,         2662.13,         233.62,         223.53,         242.53,         559.20   |
| instructions:u     |         1735.73,         5782.93,         399.09,         392.14,         403.22,         1280.39 |
| cache-references:u |         0.64,         19.78,         2.24,         2.30,         1.68,         1.16               |
| cache-misses:u     |         0.22,         5.73,         0.87,         0.77,         0.50,         0.32                |
| branches:u         |         393.14,         919.65,         67.04,         66.13,         76.04,         288.82       |
| branch-misses:u    |         0.69,         7.01,         1.37,         1.32,         0.97,         2.33                |
| task-clock:u       |         0.00,         0.00,         0.00,         0.00,         0.00,         0.00                |
| cpu-clock:u        |         0.00,         0.00,         0.00,         0.00,         0.00,         0.00                |
| duration_time      |         955.04,         955.47,         954.98,         955.13,         954.97,         954.91    |
--------------------+---------------------------------------------------------------------------------------------------

diff
--------------------+------------------------------------------------------------------------------------------------------
| Event Name         | Values                                                                                               |
--------------------+------------------------------------------------------------------------------------------------------
| cycles:u           |         6279.15,         9256.58,         1905.75,         4001.42,         1504.71,         5218.21 |
| instructions:u     |         5020.61,         9098.55,         2285.23,         4978.62,         1503.40,         3055.73 |
| cache-references:u |         79.74,         101.78,         17.47,         31.77,         24.62,         65.57            |
| cache-misses:u     |         38.54,         56.43,         9.65,         16.18,         9.92,         33.84               |
| branches:u         |         947.40,         1462.10,         343.67,         757.40,         265.22,         549.35      |
| branch-misses:u    |         25.30,         30.11,         9.77,         18.95,         6.30,         19.36               |
| task-clock:u       |         0.00,         0.00,         0.00,         0.00,         0.00,         0.00                   |
| cpu-clock:u        |         0.00,         0.00,         0.00,         0.00,         0.00,         0.00                   |
| duration_time      |         1909.55,         1910.06,         955.39,         954.92,         954.86,         1910.10    |
--------------------+------------------------------------------------------------------------------------------------------

long
--------------------+------------------------------------------------------------------------------------------------------
| Event Name         | Values                                                                                               |
--------------------+------------------------------------------------------------------------------------------------------
| cycles:u           |         5688.28,         8072.03,         1935.87,         4441.48,         1426.12,         4884.59 |
| instructions:u     |         2623.11,         6966.23,         2231.05,         5042.94,         1668.33,         1317.67 |
| cache-references:u |         68.25,         98.29,         19.46,         35.90,         17.79,         59.77             |
| cache-misses:u     |         36.17,         51.42,         11.87,         20.95,         11.15,         32.34             |
| branches:u         |         569.98,         1145.27,         327.44,         658.83,         261.86,         290.49      |
| branch-misses:u    |         15.48,         21.64,         5.91,         9.91,         4.34,         11.52                |
| task-clock:u       |         0.00,         0.00,         0.00,         0.00,         0.00,         0.00                   |
| cpu-clock:u        |         0.00,         0.00,         0.00,         0.00,         0.00,         0.00                   |
| duration_time      |         1909.78,         1909.78,         955.78,         955.60,         955.66,         1909.99    |
--------------------+------------------------------------------------------------------------------------------------------

short
--------------------+------------------------------------------------------------------------------------------------------
| Event Name         | Values                                                                                               |
--------------------+------------------------------------------------------------------------------------------------------
| cycles:u           |         5053.52,         8289.07,         2017.95,         2673.71,         1007.44,         4877.21 |
| instructions:u     |         4410.34,         8649.67,         2438.89,         2728.50,         728.67,         3040.82  |
| cache-references:u |         86.57,         99.00,         18.22,         21.41,         12.78,         72.96             |
| cache-misses:u     |         42.39,         50.89,         10.31,         11.90,         7.85,         39.57              |
| branches:u         |         846.41,         1391.04,         362.35,         413.81,         138.28,         545.65      |
| branch-misses:u    |         21.38,         28.02,         8.06,         7.23,         3.46,         19.57                |
| task-clock:u       |         0.00,         0.00,         0.00,         0.00,         0.00,         0.00                   |
| cpu-clock:u        |         0.00,         0.00,         0.00,         0.00,         0.00,         0.00                   |
| duration_time      |         1909.90,         1909.84,         955.29,         954.60,         955.35,         1909.59    |
--------------------+------------------------------------------------------------------------------------------------------

